solution1: [20, 48, 95, 16, 47, 9, 0, 30, 54, 46, 28, 50, 93, 19, 51, 82, 2, 91, 31, 76, 27, 71, 36, 72, 3, 6, 38, 84, 59, 70, 43, 55, 81, 88, 56, 15, 68, 45, 33, 58, 14, 29, 49, 34, 4, 67, 12, 87, 53, 94, 99, 40, 61, 78, 5, 41, 57, 44, 1, 85, 89, 52, 7, 66, 65, 13, 22, 24, 8, 11, 60, 83, 74, 86, 62, 92, 77, 17, 35, 10, 37, 26, 32, 21, 42, 39, 90, 98, 23, 75, 80, 64, 96, 79, 73, 63, 97, 25, 69, 18]
cost1:2404.6332567234617

solution2: [20, 90, 39, 42, 2, 27, 40, 71, 76, 31, 91, 82, 78, 61, 36, 99, 51, 19, 93, 30, 0, 54, 46, 28, 3, 9, 50, 12, 87, 67, 72, 4, 53, 94, 34, 49, 29, 14, 57, 44, 48, 95, 16, 47, 38, 6, 58, 33, 84, 59, 70, 43, 55, 56, 86, 74, 83, 60, 15, 88, 81, 68, 45, 1, 5, 41, 52, 7, 23, 98, 75, 21, 80, 66, 65, 13, 22, 89, 85, 24, 11, 8, 77, 17, 35, 10, 18, 32, 26, 64, 69, 37, 96, 73, 62, 92, 63, 79, 97, 25]
cost2:2044.967226592812

solution3: [20, 47, 16, 95, 48, 43, 70, 59, 33, 58, 84, 38, 6, 3, 0, 30, 54, 28, 46, 93, 19, 51, 99, 76, 2, 82, 42, 39, 90, 98, 81, 55, 88, 56, 86, 74, 83, 60, 15, 68, 45, 5, 41, 91, 31, 71, 27, 40, 78, 61, 36, 94, 53, 50, 9, 12, 87, 67, 72, 4, 34, 49, 57, 44, 14, 29, 1, 85, 65, 66, 80, 75, 23, 7, 52, 21, 13, 22, 89, 24, 8, 11, 77, 17, 35, 92, 62, 63, 73, 79, 97, 10, 96, 37, 64, 26, 32, 18, 69, 25]
cost3:2263.930207770706

solution4: [20, 48, 95, 61, 36, 19, 93, 30, 0, 54, 46, 28, 9, 50, 12, 94, 34, 49, 4, 53, 87, 67, 72, 3, 47, 16, 38, 6, 84, 59, 70, 43, 55, 81, 88, 56, 86, 15, 74, 83, 60, 8, 11, 68, 45, 58, 33, 14, 29, 57, 44, 1, 90, 39, 42, 82, 2, 91, 31, 76, 99, 51, 40, 71, 27, 78, 5, 41, 66, 80, 52, 7, 23, 98, 75, 21, 32, 26, 64, 65, 13, 89, 85, 24, 22, 92, 62, 63, 73, 79, 25, 97, 35, 10, 17, 77, 37, 96, 69, 18]
cost4:2358.779674460542

solution5: [20, 90, 39, 48, 95, 16, 47, 0, 30, 54, 46, 28, 9, 3, 6, 5, 41, 98, 23, 42, 82, 2, 91, 31, 76, 12, 50, 93, 19, 51, 99, 40, 71, 27, 78, 61, 36, 94, 67, 72, 87, 53, 4, 34, 49, 29, 14, 33, 58, 38, 84, 59, 70, 43, 55, 88, 81, 52, 7, 21, 75, 66, 80, 13, 22, 44, 57, 1, 85, 89, 65, 64, 26, 32, 18, 69, 37, 96, 92, 62, 86, 56, 15, 74, 83, 60, 68, 45, 11, 8, 24, 77, 17, 35, 10, 97, 25, 79, 63, 73]
cost5:2500.268808452751

solution6: [20, 90, 39, 42, 2, 91, 31, 76, 50, 30, 0, 54, 28, 46, 93, 19, 51, 99, 71, 27, 40, 36, 61, 78, 82, 41, 5, 94, 53, 87, 12, 95, 48, 16, 47, 57, 44, 70, 43, 15, 86, 56, 88, 55, 81, 59, 84, 58, 33, 45, 68, 11, 8, 23, 98, 75, 22, 24, 89, 49, 34, 4, 67, 72, 9, 3, 38, 6, 14, 29, 1, 85, 13, 65, 66, 80, 21, 7, 52, 79, 73, 63, 92, 62, 74, 83, 60, 35, 10, 17, 77, 64, 26, 32, 18, 69, 37, 96, 97, 25]
cost6:2430.6591029553006

solution7: [20, 90, 39, 42, 56, 88, 48, 95, 82, 2, 91, 31, 76, 71, 27, 99, 30, 0, 54, 46, 28, 50, 93, 19, 51, 12, 87, 53, 9, 3, 6, 38, 16, 47, 84, 58, 33, 44, 57, 59, 70, 43, 55, 81, 15, 86, 62, 92, 74, 83, 60, 68, 45, 1, 29, 14, 72, 67, 49, 34, 4, 94, 36, 61, 40, 78, 5, 41, 89, 85, 7, 52, 32, 13, 65, 66, 80, 98, 23, 75, 21, 64, 26, 18, 69, 79, 63, 73, 96, 37, 77, 22, 24, 8, 11, 17, 10, 35, 97, 25]
cost7:2607.10535342723

solution8: [20, 48, 95, 16, 47, 0, 30, 54, 46, 28, 9, 3, 92, 62, 52, 7, 42, 39, 90, 98, 23, 75, 21, 80, 66, 41, 61, 36, 27, 76, 31, 91, 2, 82, 5, 78, 40, 71, 99, 51, 19, 93, 50, 12, 49, 34, 94, 53, 87, 4, 67, 72, 6, 38, 70, 43, 59, 84, 58, 33, 29, 14, 1, 57, 44, 81, 55, 88, 56, 86, 74, 83, 60, 15, 68, 45, 11, 8, 85, 89, 24, 22, 13, 65, 64, 26, 32, 18, 69, 10, 35, 17, 77, 37, 96, 25, 97, 79, 63, 73]
cost8:2343.052582259061

solution9: [20, 95, 48, 55, 60, 83, 74, 86, 56, 15, 3, 9, 30, 0, 54, 46, 28, 93, 19, 50, 12, 87, 53, 51, 99, 36, 94, 4, 34, 49, 45, 81, 88, 43, 16, 47, 70, 59, 33, 58, 84, 38, 6, 72, 67, 14, 1, 57, 44, 29, 2, 91, 31, 76, 71, 40, 27, 61, 78, 5, 89, 85, 8, 11, 68, 24, 22, 13, 41, 82, 42, 39, 90, 98, 23, 7, 52, 21, 75, 66, 80, 65, 64, 26, 32, 18, 69, 92, 62, 63, 73, 79, 35, 10, 17, 77, 37, 96, 97, 25]
cost9:2335.3947347063063

solution10: [20, 67, 12, 28, 54, 30, 0, 46, 3, 9, 50, 93, 19, 51, 99, 91, 2, 31, 76, 71, 27, 40, 53, 87, 4, 72, 45, 81, 88, 55, 48, 95, 16, 47, 38, 6, 70, 43, 59, 84, 58, 33, 14, 29, 49, 34, 94, 36, 61, 78, 5, 7, 52, 63, 62, 92, 57, 44, 1, 85, 89, 41, 82, 42, 39, 90, 98, 23, 75, 80, 66, 65, 13, 22, 24, 8, 11, 68, 15, 56, 86, 74, 83, 60, 21, 32, 26, 64, 18, 69, 96, 37, 77, 17, 10, 35, 97, 25, 79, 73]
cost10:2306.165244568961

max time :20.620934009552002s
min time :19.817289113998413s
mean time :20.15231599807739s
max cost :2607.10535342723
min cost :2044.967226592812
mean cost :2359.495619191713
